Young's modulus: 3754.9864413952423
intercept: 1.44052966954402
n = 50
a = [-2.91476157e-59  1.69573022e-57 -2.23543166e-57 -7.09153092e-55
 -1.25289508e-53  4.20312309e-53  7.49698769e-51  2.01082184e-49
  2.32636961e-48 -3.28412831e-47 -2.38060359e-45 -6.35756426e-44
 -8.87047782e-43  4.53145543e-42  6.65438313e-40  2.12555073e-38
  3.81645195e-37  1.45448501e-36 -1.69250251e-34 -6.91542185e-33
 -1.47601939e-31 -1.16408101e-30  4.62181102e-29  2.29316352e-27
  5.10001639e-26  3.48104685e-25 -1.90449468e-23 -8.21334048e-22
 -1.41639008e-20  6.99039631e-20  1.06072115e-17  2.47414602e-16
 -1.51595114e-16 -1.55179031e-13 -3.16566181e-12  3.86597332e-11
  2.51643834e-09  1.26874223e-09 -1.55816341e-06  2.66417904e-06
  9.38930050e-04 -2.25031189e-02  2.64012620e-01 -1.81370781e+00
  7.22385886e+00 -1.32121834e+01 -9.52518062e+00  8.69973922e+01
 -1.25563767e+02  6.26510700e+01  3.67696725e+02]